380900016806
5017089447
590200004941
590200296099
590200382654
590201356858
590202774897
5902038932
5902127879
5902137482
5902140887
5902141922
5902144306
5902155675
5902156076
5902160756
5902162129
5902174893
5902176259
5902180390
5902190905
5902196329
5902220927
5902236564
5902239195
5902243321
5902290466
590230037687
5902823570
5902825062
5902838174
5902852161
5902863974
5902864706
5902867658
5902879460
5902883152
5902888432
590300164610
5903003690
590300386109
590300549258
5903008730
590301244033
5903026760
5903026827
590303184485
590303325094
5903036977
590304689658
5903047538
5903058113
5903067132
590308635318
5903086632
5903091150
5903096775
5903099254
5903104698
5903109449
5903998822
590400123600
590400199832
590400516591
590400535756
5904007680
5904008757
5904011848
5904015360
590401621197
5904033425
5904058846
5904063028
5904063444
5904063589